site,A,C,D,E,F,G,H,I,K,L,M,N,P,Q,R,S,T,V,W,Y
1,0.0216372463492789,0.0704750834488805,0.0569302237298271,0.0525610130216682,0.0593551363047722,0.0430828077023249,0.0391215149448136,0.0665892305531471,0.0878427084838417,0.037153274298942,0.0575728505575262,0.0669700939895136,0.00100438831420039,0.0391984206442746,0.0630979257850693,0.0254915214216656,0.0368536406129463,0.0513787389147904,0.0649672444511963,0.0587169364713203
2,0.0134947957966052,0.0367541046400146,0.0574666820326889,0.0351659377895606,0.0791908974089377,0.0109768305131998,0.0433708420773245,0.0628226426588756,0.120182844480148,0.0586865629044091,0.032236454453208,0.0674220037076327,0.0145997882463555,0.0417122151236318,0.0516749573805839,0.0239159512417885,0.0330302461233315,0.0335018984189988,0.0732369460096149,0.110557398993089
3,0.0346603993070158,0.0446975845286438,0.0386291402580659,0.0550134396686675,0.0855570265221461,0.00406483713939797,0.0658243867439713,0.0391882014058472,0.0299828759509342,0.0323338449616529,0.039763272297061,0.0826993184640969,0.0627740253429924,0.0793905029723488,0.0640007107355394,0.0574165019945668,0.0755968721003751,0.0205475333540448,0.0458555364677684,0.0420039897848627
4,0.108686184463463,0.0450970710972267,0.0228534153999813,0.0302434831798412,0.0510152363720311,0.102603161651335,0.0343871904990097,0.070354984415079,0.019214967180079,0.042861315957572,0.0459578758853991,0.0640874315208172,0.0316659753652641,0.0432597445661722,0.0387550342787883,0.0687226156498728,0.0358766006665179,0.0815405080451242,0.0270988277839475,0.0357183760224766
5,0.046484627128643,0.0549373148321279,0.0257298510672599,0.0116538198377405,0.113076415166628,0.0528494183227775,0.0113317688113329,0.117575642226594,0.0496981918583456,0.0566771941387066,0.0570559191907593,0.018151146933176,0.00392238232024892,0.025459072251154,0.0212609482501992,0.0295816552842798,0.0781862132584419,0.0363325955385038,0.117024644638172,0.0730111789449074
6,0.160641250605322,0.102454316194417,0.0461725751498391,0.0988484044335053,0.0171195597534194,0.0873824075780919,0.0325822694894961,0.0325425292285951,0.0140203037483801,0.04629749134312,0.0196373752588211,0.0476188909058196,0.0277915729449842,0.046503349707315,0.0147603163552353,0.0548039645528267,0.0753870535309766,0.0258679829890488,0.023158395413064,0.0264099908177211
7,0.0276577665445822,0.0283558826381501,0.123913269553325,0.0608008258227189,0.0856932416341652,0.0373652485429541,0.0300331752350568,0.0606710642531681,0.0379274534346904,0.0553802773562921,0.0365905533222397,0.0862031340094096,0.0283787486850657,0.0234326271758294,0.00880456725850492,0.033003533819431,0.0579351277334696,0.0320203207190925,0.122194198157353,0.0236389841044998
8,0.105722623937854,0.0825566361804538,0.0303236787004976,0.0403503954175257,0.0411096686715466,0.0824956453575748,0.0407262356914723,0.0544728222341554,0.0299246029382202,0.0350647580671382,0.054447382176039,0.0477685853413717,0.0317308250095336,0.0615347351185318,0.0155713386504979,0.107904809683111,0.0508789612659385,0.0204254966801886,0.00926055788429071,0.057730240994057
9,0.0860893540325077,0.0298479212696174,0.0747481571632956,0.078919058047793,0.0309333308687575,0.052180712457961,0.0150804710458298,0.0368240331285928,0.0896556603258044,0.0309309950925763,0.0125797571309354,0.0341081780875399,0.034674119881761,0.0311549962262693,0.0694173100419901,0.0355214021305571,0.0506360360942098,0.117444639566081,0.0413192827836838,0.0479345846242354
10,0.0316318706978059,0.0490482440883189,0.0481340176430664,0.111543656885305,0.0181868006246832,0.0499087048430201,0.0329656121467851,0.0553880733455465,0.0223519168641503,0.03489884460046,0.0288717216925533,0.153575326933309,0.0301000121481316,0.0769827675538328,0.0270362554363347,0.0283841499559459,0.113089435228082,0.0070911751330841,0.0557537827550483,0.0250576314245353
11,0.0384986221948385,0.0431965658739153,0.0527180311286068,0.0501794178533929,0.0600041183460407,0.028446637168237,0.0597427731636748,0.135939544910166,0.0560200254286739,0.0667235824209497,0.0303375188357307,0.054189526648954,0.0290106007623682,0.0421325980005993,0.0399589691866608,0.0307622374956107,0.0289628212994442,0.0610409696716739,0.0513562936127498,0.0407791459977119
12,0.0261030908609193,0.0456871294500387,0.0181675382745564,0.0666641672193278,0.0392027101170075,0.0463470683426817,0.0548058007633617,0.0658537378685082,0.0399097434234755,0.0700700097191802,0.0398420546297172,0.0224158577566102,0.0342121055862981,0.0768079272638276,0.0375053209536938,0.0305808738214568,0.148006941265498,0.0460225980640345,0.0443274468445225,0.0474678777752831
13,0.0282131356657396,0.0121639124844136,0.0657880503063652,0.082631190501803,0.0549637040770019,0.0399409855658422,0.05962914098345,0.0460979019902928,0.0193903667143495,0.0240558431030526,0.0530921517379004,0.118227425814883,0.0247196767732285,0.0333821996814169,0.065913852333317,0.0281453484472034,0.0689644212810575,0.0724488140810932,0.0469089552045799,0.0553229232530084
14,0.0474825629809455,0.0587389033380367,0.0569727912788497,0.0552063858533564,0.0289843131914008,0.0826020338693376,0.00513722275411554,0.0285223699516627,0.00990613263422725,0.0469130568906459,0.0473654251651046,0.0891357457251613,0.0421070543014647,0.0129941614261611,0.0781600796306792,0.0961412639921062,0.055011446067679,0.0856764939559795,0.0233324346312859,0.0496101223617993
15,0.0414099949427238,0.0545884963465723,0.0300478882963904,0.06014449358251,0.0529431156824063,0.0498309288716502,0.0315794285846123,0.0968078588031855,0.0554424936892049,0.020860869648326,0.0861926437546357,0.0490471265509998,0.0344753438239366,0.0237753310552848,0.0587863208023273,0.0673464690946233,0.0299875815417356,0.050281768586359,0.0691594603937659,0.0372923859487493
16,0.108699889609927,0.0861682057665935,0.045634555308846,0.0315503489176883,0.0629851947743597,0.093273645634836,0.00871553550767829,0.0799208967589008,0.0246574736639106,0.0324273625590851,0.0781137645864054,0.0450364024185986,0.0307804741547511,0.0342238873932348,0.00591269340395025,0.0932680446884015,0.0376697699936535,0.0148549845277441,0.0684828805448947,0.017623989786539
17,0.0607363316775454,0.0171649897306406,0.0996152014973261,0.0502651682878842,0.0187344443975335,0.040236036076852,0.0784851386076233,0.0578922446020874,0.0560579422074874,0.069978620538392,0.0298121000203825,0.0568911050172435,0.00319795937262278,0.0648745922752743,0.0472201596796774,0.0615551115897683,0.0551602670617059,0.0457046518539438,0.0400984199714249,0.0463195155345839
18,0.0628434124786179,0.0430892834249735,0.0601444490616963,0.114426898211125,0.0126504818111328,0.0916408135131241,0.0800932404137908,0.003448297334706,0.0853506874803012,0.00965668596562486,0.0153520903553626,0.0375798038850806,0.0536595403324469,0.0525924911057652,0.05350246666818,0.0565730397948121,0.0648056627917347,0.00455249154922772,0.0648164665988063,0.0332216972234901
19,0.0658536837813779,0.0307752508127601,0.043176775294405,0.039285728759086,0.0541923822276284,0.0417568865105626,0.0225506061841391,0.0337489674531674,0.0241781484251045,0.0646585460913061,0.0311844257046867,0.0818228297391232,0.0464236878631506,0.0282790204028923,0.048612448920787,0.0651500373271562,0.0378379083279852,0.0369037841246849,0.0801596724527687,0.123449209597227
20,0.0548381586579722,0.0184933229653517,0.0442192256771078,0.0429385351945536,0.0277512042701847,0.0341312705494443,0.0736854922784662,0.046359108763888,0.0316938506383229,0.0623528873209737,0.0869306417986383,0.0750724228362099,0.0525702034222681,0.0505415934626847,0.0356455556087593,0.0518063009563054,0.0449499151452116,0.0553796959556728,0.0780383861707915,0.0326022283271923
21,0.05651763326881,0.0314250502801847,0.0309428934051766,0.0454117017152652,0.0480967498125356,0.0465189570297743,0.0463088207592407,0.0456378068492233,0.0231429389011546,0.0598098851620015,0.0963182573756409,0.0248109664306808,0.0408769829045616,0.036355153322379,0.0515404582030673,0.0405679133568465,0.0258922281920033,0.0755827251115383,0.113575789011051,0.0606670889088629
22,0.0473113325580263,0.0186061795146837,0.0527315575072675,0.08229824541362,0.0545028223059159,0.0314446204698454,0.0785412576040971,0.0915390536005787,0.0414880917244647,0.0415254707090271,0.0353674875091209,0.0540229203246833,0.0437410252681758,0.0374006568805922,0.0278805853946613,0.0794569196684917,0.0560179415646606,0.041649647830567,0.0480009391281391,0.0364732450233806
23,0.031922896969123,0.0145153189368272,0.0488458852605155,0.0380586820930874,0.0280265604143241,0.0195504326809161,0.0503395967006909,0.0252095299387369,0.0321780466814385,0.0390406299793766,0.0972246419183383,0.161521917094802,0.0515594240231649,0.0130301403489877,0.0227001209904306,0.0610248827787937,0.0482332641693343,0.0510571474300527,0.0379354923991873,0.12802538919187
24,0.0519739359945265,0.0158313518418566,0.0787456089233096,0.037369771018847,0.0250869920527293,0.0391761631691713,0.0756414260135095,0.0470227908412827,0.0457447136978299,0.0792253202742505,0.146409028826718,0.0425662756261434,0.0537928544737639,0.0476061552418737,0.0477352895305401,0.0314472328181299,0.0172866710745982,0.0531779484618965,0.0145368145042099,0.0496236556148123
25,0.0786153275759866,0.0377048762205592,0.0432903213295636,0.0850692258573462,0.0478297532896717,0.0475393777192611,0.0302817804974735,0.043622958291861,0.119771876916921,0.022682957479228,0.0940128491580576,0.025784433316326,0.0488271380959244,0.0394968276316395,0.059219857369671,0.0406910840871684,0.0282244999174215,0.0275345124437321,0.024198081847257,0.0556022609549289
26,0.0475440452206654,0.0487056942821938,0.0491297770436462,0.0825340609236173,0.0126970276381029,0.013749942763745,0.028339593101494,0.0756216454296902,0.0455418994138824,0.0603959736202149,0.0960895918484277,0.0276814347956993,0.046827513343333,0.0785021917845466,0.0255759273801303,0.0258923493543753,0.0370605292003519,0.0450217780367669,0.0638048504914189,0.089284174327697
27,0.153235500362152,0.0189107853737983,0.0146911056412653,0.0518913229706951,0.051705049425866,0.0434126161866223,0.0257313619137476,0.0460937174778667,0.0251491542890654,0.044698227717047,0.0444909485177495,0.0469482540375265,0.066090111893451,0.0225667195627413,0.0329119303377477,0.0855314508510448,0.0478506006394638,0.0735784151952764,0.0714457301866584,0.0330669974202139
28,0.0460149399193381,0.0535296980387465,0.0376070030042449,0.0242437172680171,0.110356250344336,0.032189703987321,0.0587272040289216,0.0958965940675904,0.0414066255676231,0.035290369908264,0.0621082220321535,0.0127438813084182,0.0146786044154234,0.0373210584465569,0.0115488861221809,0.0289106003101273,0.0690881588954217,0.0991304215100414,0.0588840845209817,0.070323976304291
29,0.0281263042109463,0.0454089510639448,0.0225574211554157,0.059274706768156,0.0814409370459923,0.00548656694998172,0.0203992137712335,0.160467449287005,0.0150169587499271,0.148478322559801,0.0986233990512239,0.0134877102901243,0.0120178529769966,0.0345766564442936,0.00893128306086801,0.0569255657662153,0.0961968382407718,0.0426033985875619,0.0308973516975503,0.0190831123219891
30,0.0145913545660693,0.161201079694686,0.161912557391567,0.084573688960201,0.0532416907843035,0.041923395452301,0.0529723929645028,0.0462894697604842,0.0491955477080098,0.0287501260959374,0.0317387187876763,0.0371552939554705,0.0320998168069947,0.0177530738631164,0.0457792792978778,0.0402871217823246,0.0314185389177689,0.0203905993640352,0.00868049573022808,0.0400457581164441
31,0.0729913882453673,0.0483152976721056,0.0209210970075187,0.0482501210248118,0.0231282491980521,0.0130801648867766,0.0235901853554681,0.0488678487655307,0.0200930968863123,0.219456174057651,0.0530760294422039,0.0291444784027031,0.0462469684061614,0.0365408676048594,0.0358180614463359,0.0543036836400705,0.0528790179437215,0.114691271994476,0.0259277483162859,0.0126782497035858
32,0.0169799892997749,0.029141048200553,0.0188323669056604,0.0339650809218405,0.361080042399091,0.163988815425137,0.0241368716957594,0.0286085494673253,0.0104873026598211,0.0159662300122115,0.0178841824541761,0.0130445405244101,0.0299548462585854,0.0433752773123356,0.0556144387961504,0.019407202594695,0.0255915029417622,0.0285329191144418,0.0475457234670827,0.0158630695491845
33,0.0127259862385864,0.0137605530118689,0.0288842954370185,0.0892203961839399,0.117777941406649,0.0164377251827897,0.203042095186067,0.0131913168808745,0.0365397230503604,0.0234862376386118,0.0461124156414559,0.0513162937778232,0.0294139609265548,0.0540836911354605,0.0788923777380639,0.0155035982696277,0.0324994618231006,0.0468330087101344,0.0421058124276055,0.0481731093334057
34,0.0305351349836474,0.0300325802994432,0.0158527029650529,0.0308589420810894,0.0737570875848686,0.0317740091535113,0.125951085828111,0.0870294205089816,0.0578201700361212,0.0435041177438879,0.0629187365078069,0.0569159608317058,0.0170857763642417,0.0310235714711986,0.0269042162966903,0.0298556749617767,0.0546910462069484,0.0493279817670205,0.0752366093236195,0.0689251750842754
35,0.120459909099637,0.0745703273688398,0.0148879958279246,0.0395311359191236,0.0492474761017862,0.0201534029921368,0.0293487596177874,0.0657464390330638,0.0579733046830249,0.0245530481030871,0.042443132560585,0.0724297041051886,0.0251617025358165,0.0159027370371017,0.0357520372377942,0.0944735706386465,0.116472044408577,0.00936678639185991,0.041388279014989,0.0501382073230292
36,0.0661470055232368,0.0321776556243686,0.0299175757076508,0.0661233914094492,0.106094838329696,0.0324852858200197,0.0288307703954815,0.0559584197254269,0.0798607547747099,0.0297319607131908,0.0411417633229286,0.0243024675943886,0.031100921656193,0.0426240574173009,0.031809553246389,0.0146975136619214,0.0473659131345723,0.160839019910533,0.0254649249404909,0.0533262070920513
37,0.0499606674230608,0.0763007263264725,0.0342335601899639,0.0173328753845349,0.0251027168450901,0.0263981972429751,0.0394221678640031,0.0475214677337116,0.0940617856992984,0.0473812178313311,0.0853531287103895,0.0349287688425949,0.0547191865112939,0.0778841215945216,0.0414777528056656,0.0452150487172401,0.0321939264953623,0.0275648479914445,0.107156287845391,0.0357915479456534
38,0.0384510425604703,0.0124128742686968,0.0887279307291411,0.144852783031381,0.00920976850927077,0.0208460565021885,0.093706020705396,0.00518659279269893,0.065455399416235,0.00542725729413879,0.0284769956329869,0.106809045901931,0.00422457263575946,0.0700502869797264,0.0786710571169844,0.0487752306924124,0.0860793735999873,0.00784671434790793,0.0337494230567701,0.0510415742259161
39,0.0643691625877135,0.0227921247406107,0.0499300207041159,0.0362528259374682,0.00867446025386692,0.177883278411295,0.0588823367579527,0.0187016065315827,0.0172111458106576,0.0220468451400071,0.0311462016565467,0.174945753739062,0.0555552637456178,0.0293009773233041,0.0161572538187719,0.0227736452146442,0.0327782984861884,0.0656871950019334,0.0451062908043403,0.0498053133343192
40,0.0293229130997721,0.0354141205805159,0.0137404596231292,0.0645479297395116,0.0456947092095373,0.0373620913280528,0.0643910068229046,0.111351636440068,0.0491690264650081,0.0232036670710477,0.0382629418073273,0.00745804962739889,0.0349717362587453,0.100561789633288,0.0124190226438713,0.0490553983136365,0.0821417017104727,0.0838470074199178,0.0316136574335583,0.0854711347722352
41,0.0567138815973307,0.0136247536178257,0.0154818641755296,0.0292010753266314,0.137894358192337,0.0217112780180439,0.0338998375794807,0.0835567181793055,0.0690320564257655,0.0585418176225343,0.0565462749898756,0.0475716158976714,0.0151623438379465,0.0455561943556725,0.0586591287115704,0.0393403644131514,0.00763264708316694,0.0629687232373106,0.0684018831212229,0.0785031836176259
42,0.0833756856974007,0.0315907991586837,0.010344912053721,0.0373967766750065,0.0586312805063024,0.0596596023954054,0.0179935169159196,0.0794422977088853,0.030575696387586,0.0182581607860522,0.0460627783606682,0.035925283499777,0.0507951862621986,0.00921004829194814,0.0499138590772436,0.0263932856577056,0.0202058037344158,0.274058416358891,0.0337523547419239,0.0264142557302641
43,0.0417348701837603,0.0207853352930162,0.00869334652110325,0.0278288532465223,0.0296783786403496,0.0323128580938353,0.0424931868202114,0.0315633181260812,0.104071347371913,0.0178926539049488,0.0971540635907986,0.0491241833179364,0.01651583856362,0.131672766828484,0.118609268906353,0.0547850147033426,0.0437580905184704,0.0300375661706618,0.0521274601625192,0.04916159903607
44,0.128746467001057,0.0237434562850651,0.0276333836153744,0.0278564552119869,0.0197082905759224,0.0321885440943004,0.0204197163941593,0.0221952070408406,0.0393467983092316,0.0429409132188367,0.0903465625315731,0.0329248488467959,0.0169058474405739,0.0630619064808952,0.0323756567538945,0.136284725334797,0.136432122701911,0.0714764100510012,0.0224399948738948,0.0129726932378866
45,0.0695226902379101,0.0259111272739455,0.0237733712392932,0.0143265354524911,0.0413537505624074,0.0232785491727587,0.042596817504008,0.100411261571297,0.0131810649010797,0.0508274115936375,0.043557417255238,0.0327015328038572,0.0590203448067871,0.0223132081906669,0.0240838779553527,0.0222349213581026,0.0359132104151497,0.185463049779711,0.119209858027274,0.0503199998990302
46,0.069884347707374,0.0171265939319809,0.0557578489574785,0.086369634974954,0.0313274188156881,0.0272193585008008,0.0376961747227021,0.00938856822185857,0.0827058500997586,0.0497528256336702,0.0764503568025642,0.0401992555019458,0.00707401805398476,0.0299129208448812,0.0654053438990998,0.10131269069351,0.0583147095058217,0.0807146198153263,0.0267484357449405,0.0466390275716587
47,0.0592731559361727,0.0255522347953618,0.0451878492565234,0.0728035837080679,0.0308726496781354,0.0638224969229762,0.0420190230864324,0.0542760360801734,0.0737050836932955,0.0231575234957176,0.0601959103460054,0.0570198303160008,0.0236137693406053,0.0417893759269436,0.0527798256369171,0.0342545940617668,0.0748131806097698,0.0531717696473875,0.0607664443082025,0.0509256631535441
48,0.0776157960780119,0.00420976147258889,0.0824502389928275,0.119209887429762,0.0177204540611495,0.0675031733178848,0.0283357073929181,0.0341491754575778,0.0310893612130899,0.053562364049011,0.0407389267561522,0.126808443445845,0.0415750889786811,0.03349711690838,0.0415189116383009,0.0539508981792168,0.039172263399228,0.0321275123997266,0.0414330920037767,0.0333318268258694
49,0.069238701442377,0.00639122537185331,0.0216633049687287,0.0742224291053789,0.0544680066792742,0.0342249703925096,0.0754926317809423,0.0738546297877278,0.0523305220188985,0.066880113396612,0.0550229111728192,0.0339372623240591,0.0154590116909512,0.0850952191233102,0.0590082445247679,0.0313196479804231,0.025615252930153,0.0736451079696867,0.0240981216703254,0.068032685669201
50,0.0223405170458429,0.0250344573966507,0.0125090875591314,0.0494296261182903,0.0237501758600819,0.0286403524661368,0.0897827075973343,0.0990732366309399,0.0130949921198069,0.0782719431822429,0.0452716706979737,0.237399483172156,0.021110137016258,0.0604462239738368,0.0101773669481947,0.0316890190074688,0.0643099170166969,0.0549578833267117,0.00833153634267481,0.0243796665215695
51,0.0510413040360779,0.0287398600854409,0.0766899383850193,0.122834834184829,0.0506641618513059,0.0231351574575441,0.0407070635903248,0.0456278104640919,0.020187347320597,0.0550114739479261,0.0404992464759773,0.0632155485239586,0.0388421809362824,0.0455376909017745,0.0101733566390763,0.0781151569199381,0.0787667067137442,0.0350077697502936,0.0306393296980991,0.0645640621176975
52,0.170727643510865,0.143243735893238,0.0131097923206883,0.0349440998144857,0.057308041454644,0.0129221373165735,0.0152354211249485,0.0259145364507297,0.0165081816766871,0.0391457509625634,0.0249416608501639,0.122812800275039,0.0150726250158814,0.0155553299056949,0.0223923093048996,0.0212315573746274,0.0446478213149001,0.163204306287688,0.0211836169807423,0.019898632164937
53,0.0508383966996028,0.118190914914182,0.0405901668702657,0.0897629099970845,0.0182644092767591,0.0130691833015424,0.00469989124833423,0.0472934052357508,0.00849914901479126,0.0137696434054341,0.148444441833616,0.148894403856767,0.0153008225042941,0.0271897421294568,0.00430507653050316,0.00765658538892783,0.0792068560668535,0.095190919856046,0.0136911201133484,0.0551419617564382
54,0.140865480156155,0.0762733402077303,0.0464984315126595,0.115735912567101,0.0290313731934877,0.0426696172800797,0.0135707341087183,0.00601900214050473,0.0272722818760026,0.022830289874756,0.028889680812854,0.0372928479677702,0.00764734996120313,0.0637725106870399,0.0572187099096435,0.0388862936421879,0.0570172321343807,0.00967897349461531,0.0133451667357042,0.165484771737404
55,0.0604260808554967,0.0350103750848639,0.0537703777791763,0.0374309549432839,0.116845706534855,0.0294834093172207,0.0200845979489988,0.0061184377080206,0.00682878521613069,0.0654492927177768,0.0163821521504981,0.17659183988061,0.0275457453266268,0.00674137656274093,0.00217940469858392,0.121916105866909,0.158743402808678,0.0248013232466296,0.0147230925157877,0.0189275388371105
56,0.0475171378149883,0.0561966803857263,0.0304188440161547,0.053579182600671,0.0363482633343625,0.0145854151573045,0.0341797147258508,0.077777786434054,0.075828245171835,0.0767520713711295,0.0480343580833808,0.0423407444747012,0.0214290723527463,0.0390450806002193,0.047226300648029,0.0323145656364414,0.0885826735975615,0.0812186691612588,0.0071591481772897,0.0894660462562944
57,0.0285446352584934,0.045995637621213,0.0435992841377358,0.213649671845033,0.0631958250538933,0.017790111582352,0.0402805461150174,0.0211560757148716,0.0240878215349897,0.0582656918062108,0.0966872151336076,0.0230249171576151,0.0224334598484189,0.0114930885587347,0.0290510324800349,0.030906346162378,0.0207986869246704,0.00732874569041293,0.174850494824224,0.0268607125500924
58,0.061393516945533,0.0167552195899039,0.0816761255616316,0.0424749856855164,0.0716260789117977,0.0352171290412374,0.0329904224955055,0.048435371688614,0.0336850004535109,0.152355262359679,0.0609437567456828,0.0173227941972224,0.0218927883616857,0.0281675485692925,0.0346559528647586,0.0238990327583033,0.0654599051416023,0.0920387764719605,0.0213161182862247,0.0576942138703365
59,0.0435871930420051,0.014301742096986,0.0556382341873481,0.0328633209434766,0.0221762244401456,0.0167779568124994,0.0327171797773341,0.0643593565784983,0.100115024389854,0.0860391820325058,0.02306739567406,0.0410909608677395,0.0234637597852348,0.0472666362136836,0.0727978326808718,0.0425270978324919,0.0332154502700541,0.194370919936693,0.0166623923825223,0.0369621400559933
60,0.0657895398671435,0.0198458400980404,0.00521685411924422,0.071455653697732,0.057675765943379,0.0661041054426806,0.054419484491659,0.0839126232816622,0.0622752722583899,0.0316513887563651,0.097744358813242,0.0191079501418787,0.0146347263449427,0.0731642790102954,0.0171629682572539,0.0413976351054799,0.0640132415691065,0.093040938910339,0.0358609438838856,0.0255264300072795
61,0.0694222753047509,0.00832736269153208,0.0526415437883221,0.0153345275470586,0.0384928886457653,0.0399726997663609,0.0979714015595695,0.0935599426631567,0.0516580772794595,0.0538708631764331,0.0360359327118962,0.0259020184932008,0.0277187818894612,0.0292447073835597,0.0675756132324816,0.0930441387541035,0.116357116371589,0.0424275113625921,0.0321667320408342,0.00827586533787177
62,0.0494778713761204,0.0317970291625295,0.0525879163819702,0.0644478255865786,0.0271263140245374,0.0907090148996461,0.0418173439574259,0.0320321663405315,0.0608403402655076,0.0296318659888314,0.0620558735397422,0.0163719934521344,0.0293802771265807,0.0729264532991002,0.0511847546307976,0.0537976025240824,0.0333232938708756,0.0776052147493085,0.0356821418502502,0.0872047069734487
63,0.109416977655428,0.0234880013566207,0.0143290135380018,0.0261825814182635,0.0598782454011473,0.039150786430554,0.0504561238948956,0.0650305089448189,0.0125062019469979,0.0560205986822844,0.0929802220308614,0.0162491653895894,0.035734000305393,0.0236824081516137,0.0136521470142175,0.0806667452210571,0.0407296099152067,0.0628507996886625,0.0437730410215088,0.133222821992876
64,0.0366930504287123,0.0276525951302976,0.0754945103900464,0.0332972359477106,0.0646875142764575,0.0639991287638438,0.0469549421353198,0.0585637697310074,0.0778538924488834,0.0681149705233474,0.0214060964412076,0.0419543014300435,0.0413658261583213,0.0690330858587499,0.0377900061968031,0.0519656419508074,0.0592484155347276,0.0281718936713305,0.046069405997681,0.049683716984701
65,0.044068877684093,0.0270123346756043,0.0350111990544161,0.0660232639323947,0.0286421681963174,0.0791251793637003,0.0670579503857358,0.0208489650392158,0.0895479408986509,0.0536189626373221,0.064600712602678,0.0539760469834331,0.0488506644228099,0.071071009385673,0.0356367350922937,0.0641785910884028,0.036684036078872,0.0224342138560031,0.037802086009645,0.053809062612738
66,0.0585446898696659,0.0548467423154452,0.0430907280152824,0.0492197673055605,0.0429095190000625,0.0142738936502025,0.0576114651026706,0.0379005962709624,0.091458656216647,0.0569884886803514,0.0622334229742278,0.0389363082532497,0.0378810646041323,0.0413665206767498,0.0491864655678514,0.0495473912250337,0.0627970307554593,0.0671512770574465,0.0239631061781265,0.0600928662808716
67,0.0137922237549898,0.0360403518458582,0.0139802550892329,0.115621833522896,0.0420813604564217,0.020374123034872,0.0581243042186998,0.185814311588665,0.0353008998220561,0.0554925951184773,0.0340162975241567,0.0414351613485801,0.0165750231350537,0.0352470163682928,0.0137758907798431,0.0318841708925444,0.053655817617829,0.0422302898331209,0.104153138923162,0.0504049351252467
68,0.0335903360454607,0.224593735844582,0.0758014931666259,0.0658104102193323,0.0375317436465689,0.0366672461137825,0.0332613700483019,0.0269613962586942,0.0226711246040031,0.0526704431549609,0.0167661815360206,0.0184064529171079,0.04025871579485,0.0377301387783868,0.0790108491966968,0.0426836668476049,0.0264624449905285,0.0498760168219628,0.0411664554858623,0.0380797785286653
69,0.0588853381451532,0.0218714680098355,0.110536125929736,0.114275664816526,0.0455674092934775,0.0981145729832625,0.0284456696307461,0.0296037073437151,0.0325852637034433,0.0371689027714694,0.0231866183725572,0.0562167246236159,0.0217850191721152,0.0514031588810388,0.0246184212582249,0.0581704383463851,0.0486819207519677,0.0312780680817068,0.0492764860121872,0.0583290218728346
70,0.0366140371925161,0.00882270617659647,0.0195032756139323,0.0681408831435415,0.0245629322389936,0.073336547530042,0.0686065043111675,0.00573948183056988,0.0404747379319662,0.0224375755425299,0.110906364620173,0.0303856990184205,0.022554848978194,0.0425650696497253,0.0640841402873718,0.0751349158886057,0.0785732804147243,0.0588485440077433,0.0328054861454861,0.115902969477698
71,0.0463755465375528,0.0153770104970841,0.0222373149738591,0.0500905578193206,0.0191999039578648,0.0403131382500973,0.0414675836638121,0.050269561640663,0.142659869513906,0.0369735307356019,0.0242380743304708,0.011567563507831,0.18180485700632,0.051858661749172,0.0180984032405057,0.0208743910055501,0.0438216685588604,0.0978373601602357,0.0575935624524326,0.0273414403988585
72,0.0516950462483476,0.0274804508537239,0.00949842884680836,0.0348350217694942,0.0332563262755867,0.0187985245713449,0.127884377865736,0.0889335412085909,0.00866429500984658,0.0706109472579932,0.0724625254643519,0.055322562888081,0.0124536118879099,0.0524559326277659,0.0307760749157962,0.0141183553849494,0.0377443993533265,0.0496923222370097,0.107613799606928,0.0957034557264075
73,0.0468278340684293,0.0110245535345428,0.0315705605722803,0.0453975649618915,0.0320999115120342,0.0464335418380854,0.0609333036702299,0.0667729056078897,0.0647931986788828,0.0757983494529796,0.0497590918252359,0.0816130180510714,0.0118955224865021,0.0711468144209911,0.0665277804799144,0.0539102665148191,0.0742006788893362,0.0548806337602749,0.024577833432195,0.0298366362424135
74,0.0407025544362018,0.0293771551229218,0.0225121240019879,0.0362992272163199,0.0379100904017844,0.0413579824651608,0.0442457727700707,0.259785963087843,0.031498213372465,0.0926935772782458,0.0230796001737709,0.0203189063550031,0.0273127142920123,0.04134741140874,0.034549595721866,0.0522363406325775,0.0241232959532581,0.0966835233808858,0.0185973068736871,0.0253686450551966
75,0.0494262576483295,0.0828437019741127,0.0636326533687376,0.0474086207005348,0.0315948577940899,0.024929104063764,0.0188574353854467,0.100855803149132,0.0284531725296076,0.159298276995798,0.0441357956756591,0.0162597741716102,0.020468228207862,0.032564646391782,0.0263798475312089,0.0288101630963262,0.0395676803977956,0.132016919555979,0.00793576724656405,0.0445612941156579
76,0.0375735573245373,0.0707287930270706,0.217516288864989,0.0239007850777048,0.0244609819704923,0.0300098985901119,0.0803983339112462,0.0450460081175365,0.0486161921103789,0.0398451527388406,0.0359730209120045,0.0194810517492547,0.0320906736035883,0.0273469435451982,0.0376219208112496,0.0590582011782733,0.0352544860059405,0.0544569410366432,0.0376052272873291,0.0430155421376085
77,0.0189514693524857,0.0170568971879582,0.0196691259168899,0.0364121358066328,0.0277403341222315,0.162249176406222,0.0342252014054073,0.0128908679545484,0.0254300645383003,0.0406283449036601,0.0217967560303291,0.0246911452682036,0.0253858282010197,0.0102493165062782,0.0157988550241164,0.0323944125602142,0.0205494378294128,0.38277207499267,0.0585175425979256,0.0125910133954926
78,0.0355569701817783,0.0224134924460023,0.0808543856348021,0.0474021664295084,0.0385974244538511,0.102059628532334,0.022422953001417,0.0362097179608065,0.0654483822009737,0.056506620504488,0.130035840365111,0.0696483870579003,0.00369496334205743,0.0457304086814307,0.0322827352474513,0.0347779869188828,0.0490651521636713,0.0524734856927336,0.0581873111682641,0.0166319880165345
79,0.0833957019931143,0.0113174816759308,0.0238257012610933,0.0542043218061312,0.0248952833381435,0.0539715103056002,0.0572306407555596,0.0167679423213625,0.0846058023843391,0.0679571167112065,0.0530904266874886,0.121122925097236,0.0355562266881645,0.0383406402278183,0.0352049526993046,0.0409679501659582,0.050882955962069,0.018034629883712,0.0605528417343078,0.0680749483014587
80,0.0262448492341523,0.280677098921356,0.0639804080544226,0.0637710957777568,0.0485413446834891,0.0575547880886413,0.0095080104113009,0.0289264913684877,0.0356365800821372,0.0224558988508761,0.0210683049394131,0.0261204584960659,0.049248700296821,0.0219896573117443,0.0104375005983588,0.0169994664868692,0.116105031548776,0.0220127892974402,0.0299814404499506,0.0487400851019399
81,0.0400497244306736,0.0546634246209399,0.0340466199230644,0.0357447062703732,0.0204073230157791,0.0468582441179819,0.0404556115780729,0.0564571166717188,0.0614099824330233,0.0530824968149341,0.0562993779435854,0.0629225939902847,0.0302602947478166,0.0626884406101349,0.0447196908109261,0.0575996311597161,0.157520661183153,0.0456183692019018,0.0229407210740432,0.0162549694018759
82,0.0254049544752634,0.0173549679563124,0.0227716469044243,0.0241387075473251,0.13743045032607,0.0145366224073005,0.0216610258641178,0.111619051421096,0.0173679870227647,0.186210120730551,0.0878687024999357,0.0108943688076937,0.0865603954661345,0.0134924929832211,0.0274167281675677,0.0257821764320341,0.0215460557128338,0.0551447763225336,0.0326518500436011,0.0601469189092175
83,0.0126890898692325,0.0416401730472716,0.0200938993161481,0.0247726024432375,0.0128040639528149,0.0361943060981266,0.0373375624148537,0.168300063633711,0.105202370361426,0.0788075713482203,0.186631778939464,0.0250799209190971,0.0253192396727169,0.00954935053292195,0.0208347542960389,0.0184193495903874,0.0472325734644829,0.0732445782195043,0.0164657260638508,0.0393810258164913
84,0.0327777825784128,0.0460552901114979,0.218390286738386,0.0295397704482255,0.0401151675360981,0.0269290497793834,0.0392240236757997,0.028912613252595,0.0321028009355555,0.0279638071662438,0.0393962163593747,0.0364844653244849,0.0271691740557938,0.0170170663063904,0.0674967675508913,0.0391821693783812,0.0199231394445395,0.149226775300428,0.0316356821754827,0.0504579518820332
85,0.160068029135544,0.0791071421602048,0.0529710218311492,0.0331174454057581,0.0073855637325907,0.0329656731956673,0.0275087350991468,0.0683638793414083,0.0454041908137729,0.0267929276586179,0.0467517457070863,0.0157954934228101,0.0161229208975682,0.0435120750916315,0.0873130537669771,0.0943325835251494,0.0600773805791165,0.0326072664186131,0.0261845222930656,0.043618349924121
86,0.0167767742440425,0.00866129384790269,0.0124268705394309,0.021494313581541,0.0226655120081207,0.0150167225067051,0.0106298124769061,0.388655712280152,0.00974994039857737,0.0934083822798169,0.0794031031928066,0.0326993069095156,0.0436449323049714,0.0683580916525764,0.0101971510929967,0.0142918780283722,0.0284453330512755,0.0644935525879483,0.0254005801806622,0.0335807368356783
87,0.0281864517331638,0.0295208559372567,0.0268374102714621,0.0327305306675971,0.0531041687453424,0.0344026381083881,0.0325139398461809,0.0485849426876436,0.144186317677942,0.184395843048762,0.025117913234417,0.044692097770902,0.0308619239032006,0.0626935075392464,0.0184658865033463,0.0435450684497347,0.0372442054223431,0.041280095537037,0.0426056870322274,0.0390305158838054
88,0.0146264952013853,0.0203853879431714,0.0734944669390782,0.0471938538657804,0.0441260023635829,0.192715568667023,0.0811229874882109,0.0325620439348973,0.0453158689772217,0.0123717102689612,0.0429942474593281,0.0321545424792633,0.025148425572021,0.020646419094287,0.0528366826447181,0.0138526877174099,0.0433571511909878,0.161255284458153,0.0321468789922223,0.011693294742296
89,0.130443744237825,0.0331992279791979,0.201651161691741,0.0286900401527145,0.0107837459481028,0.0423182526288238,0.0131582439322592,0.0218102723083024,0.0917331805662462,0.0302453262355409,0.038283780849578,0.0278772263291254,0.0268717367853407,0.0154697744997506,0.0275415889845596,0.0817181436733239,0.0472250478224528,0.0413111247168227,0.0497494224593522,0.0399189581989386
90,0.0235272778980554,0.0185415481841452,0.0526570054552558,0.0163538185704138,0.066022629012903,0.0178119156550609,0.0556774394371782,0.0286024449194976,0.0465947954111071,0.0139640550545716,0.0158999411980872,0.0435653067205818,0.179222544427903,0.0171192892127121,0.0235546942378405,0.0296066203618119,0.0359925346793981,0.0539355080355778,0.055473419618679,0.205877211909219
91,0.0435708550443706,0.0120568357775206,0.0758442016653358,0.0482425327826773,0.0286975260649637,0.0504581938237831,0.0969240186977348,0.0711667151773227,0.0166905018307497,0.0620170982180227,0.0971050877077376,0.10488676604804,0.0161056968505247,0.0759734411961879,0.011645177600319,0.0464527538867209,0.0349341103547292,0.0321586651367612,0.0259052991126185,0.0491645230238789
92,0.0250071518190318,0.224481971451803,0.016054514748279,0.0411702462469642,0.0211100930389622,0.0752208896960591,0.0170339092743348,0.0442546981776907,0.0398283761823407,0.0686348615393636,0.0723077779629622,0.0478487385892835,0.0197747253686145,0.0460317415759256,0.0195750377596999,0.0753919731946165,0.0379558210082418,0.0620218922570129,0.0295247738928035,0.0167708062160084
93,0.0239996459135488,0.0121558252413645,0.208436981374411,0.106930057630538,0.0342441562472055,0.0840706316667029,0.0327179840419989,0.0124085777618187,0.00809102949604874,0.036480674242166,0.0450608120296089,0.025477283854101,0.0293762400668208,0.0676199200960304,0.0289719703729948,0.036059622966944,0.0400833934868928,0.0427426191648822,0.0774918994393899,0.0475806749065305
94,0.0355528263423495,0.0207782313296336,0.10588258933875,0.233123829963508,0.00930078908176316,0.0626249408950185,0.03816616543662,0.0197913064477811,0.0431498094238507,0.03192531528853,0.0163519754663828,0.0628537513747021,0.0249989010307293,0.0640159331098078,0.0309076531095586,0.0360689100912918,0.0680662355589884,0.0312218583966395,0.0218042948711201,0.0434146834429735
95,0.0386008019400218,0.0266174682982436,0.0255542075879263,0.0201725482751727,0.135152357854422,0.017410549646396,0.0641716664500526,0.108506578395001,0.117430957506211,0.113993736605929,0.0732479082653658,0.0202046402710139,0.0156188604923037,0.0335918834855879,0.0288450171070801,0.0152330480177886,0.0373895201330355,0.0642193128504227,0.0127304154933555,0.0313085213246678
96,0.0973060483983448,0.0292801698504962,0.0403180742182773,0.0856147068702919,0.0117942935752536,0.043184977407527,0.0619282069353513,0.0232593019979812,0.04667141266866,0.0384908048702843,0.0969153749906025,0.0664941646581225,0.0256063648386961,0.100675627681412,0.0426343644344907,0.0590781578678948,0.0421589024636242,0.0433887354290115,0.0158702611649122,0.0293300496787642
97,0.0318801949653852,0.0499907720210919,0.13560998495565,0.0653168153905313,0.0118042007858797,0.0743975978621838,0.0656409644711716,0.016828298291956,0.039156048446783,0.025078707751105,0.0423370455438667,0.163869199332567,0.0169436705858488,0.0729383250274017,0.0191082093450464,0.0500303104250806,0.0345994860046473,0.0359572707978445,0.0149890256993458,0.0335238722966116
98,0.201169670317455,0.0252103742336104,0.0292010899213911,0.0317235454257849,0.0180205645696924,0.0421040185987055,0.0267346851636979,0.0370399463183503,0.0819572632291749,0.0354483828850857,0.0237043972346383,0.0475707608239262,0.0181840190802503,0.0824016175754917,0.0341367629650777,0.0919124453690719,0.0454213703870138,0.073369997017282,0.0163693397328173,0.0383197491514809
99,0.0546972886880508,0.0217794022643907,0.0605765323819862,0.104081740639816,0.0285099238897345,0.0269978901102164,0.0496936934187618,0.0253308885526225,0.0841402300796995,0.011025567816406,0.0221600602469437,0.0375984963257913,0.0249668094123362,0.0714637386313282,0.120484311546996,0.0934139557769433,0.0676596397772534,0.018736642156638,0.0566643264650963,0.0200188618189881
100,0.0357403425740154,0.0418285700632387,0.00754781391027771,0.0536385848831216,0.150271463371846,0.0457541971202383,0.0224205966122355,0.0518752685468204,0.0282917750859764,0.019650497658272,0.0687466203550612,0.0372871354044947,0.0131519991165789,0.0478778278307949,0.0231923753539383,0.0450022718668122,0.0255793407837139,0.0426543215919493,0.214330204794505,0.0251587930761082
101,0.0264872927229939,0.0353481635957573,0.212066344192072,0.0968874099655539,0.0373917539208003,0.037844377942695,0.0275366978860557,0.0189186212421361,0.0466412266717808,0.0705030067597619,0.0306014035889088,0.0440547454836022,0.037285312932922,0.0318406071514501,0.0277271962490806,0.0334371641008594,0.065269391008811,0.0271260555543763,0.0447022345627395,0.0483309944676418
102,0.0301947978275168,0.0430586533153595,0.050738361897088,0.0329365441820709,0.0272424767580813,0.0132232232946432,0.0314631139559599,0.105071629911634,0.0116481554987578,0.205478147066326,0.0190801739127624,0.0225894959634969,0.0463023091181586,0.0430696686304295,0.0508679396499253,0.0169973000828061,0.0405701690971024,0.0981165198693721,0.0382299565179304,0.073121363450577
103,0.0232486034964019,0.03353122597064,0.0519800519944207,0.0152178690987584,0.229515655417131,0.0381694295603334,0.0216961478598737,0.0424468655962343,0.0533764431716801,0.0352713118398923,0.0646014590034658,0.0143635259913471,0.0322139365474053,0.0246055163007782,0.0371646455425012,0.0447399256928698,0.0311800006033935,0.0187027067115983,0.0757735654111751,0.112201114190098
104,0.074423453795597,0.0822140692258296,0.0117579320271762,0.0312066882606219,0.0261937007592451,0.0192977082739024,0.0289229681127511,0.066730854172436,0.0342124482631739,0.0986520944822954,0.0526000475238662,0.0264040222463078,0.0232933271075681,0.0209795961499366,0.0540063908936597,0.0174137448841604,0.0420403939395888,0.200823254407527,0.0584081479181961,0.0304191575561594
105,0.0195814176220471,0.0431049062350968,0.0359940075924776,0.272004116734676,0.041239654199973,0.0442548254183352,0.0318335692892658,0.0299018682952253,0.0315463323935456,0.0324675288751532,0.0190772672044156,0.0796897917629315,0.0293944710984738,0.0227881506936578,0.0287925281269206,0.0481028224880194,0.0672472928642173,0.0385335382964719,0.0425848478605463,0.0418610629485488
